/home/hpc-learner/projects/week1-bash/bash_workdir
I love HPC!
1080
15805
17480
18034
18052
21080
38097
51180
53805
55880
58680
68074
71380
78027
80271
80392
80661
80962
116801
117980
118072
128051
128058
128807
131880
138047
138098
143680
148053
149480
150680
164805
165280
168014
171808
177802
178806
180142
180355
180573
180617
180643
180841
184480
184803
191380
192800
196809
197805
198075
201808
217808
224580
224808
228021
238037
238081
238092
247180
248580
251800
255280
258085
265380
278076
280025
280045
280048
280173
280347
280586
280690
309280
315802
321980
333480
334803
338044
347804
348019
354803
358061
367980
368073
370804
372808
380003
380047
380093
380326
380442
380447
380702
380934
387680
389804
397806
398050
411980
415808
417800
432806
438017
458043
460480
460801
468001
468809
469480
478001
478802
480009
480184
480243
480551
480803
480893
488078
491800
499805
522380
522780
523803
528084
531800
531807
534800
538480
548034
548041
558059
573809
578041
578580
580200
580502
580527
580641
580824
586580
587805
588087
598057
603680
609180
618019
628074
633803
657801
658077
658089
664802
668041
668059
680030
680305
680346
680366
680441
680593
680722
680901
691806
692809
696803
697380
698065
698880
703580
705880
706580
711809
712480
718380
728014
728037
734803
738053
740280
748023
758069
758083
767807
771380
780077
780103
780351
780370
780601
780682
780786
780928
794480
798030
798809
800110
800407
800691
800755
800853
801021
801028
801081
801355
801377
801658
801784
802111
802374
802448
802656
802746
802882
802906
803127
803381
803413
803495
803707
803884
804180
804393
804489
804570
804661
804692
804830
804939
805223
805469
805677
805735
805865
806009
806269
806396
806664
806895
806939
807215
807351
807664
807849
808018
808065
808238
808261
808509
808786
808794
809027
809037
809251
809510
809575
809833
809904
811580
816480
818800
819080
824804
828094
834802
838006
838074
840801
848062
848580
854803
858039
859803
861806
862809
875802
877380
878064
880084
880274
880477
880695
880720
880866
882804
908800
911480
916805
918031
925804
926580
928025
928025
928066
942809
944980
948007
955080
958021
978048
980105
980328
980492
980617
980642
980814
990280
992809
993680
993780
996806
999280
data.txt
output_bash.txt
